642,108,195
584,713,356
540,584,356
476,62,540
62,584,540
195,725,485
108,725,195
725,203,485
614,45,294
29,476,630
29,62,476
62,29,643
631,151,261
585,484,529
716,133,712
628,438,608
212,529,643
438,429,630
429,29,630
628,429,438
429,628,520
723,40,87
581,501,708
423,230,180
484,423,180
501,423,708
423,501,230
423,585,708
423,484,585
151,645,261
645,501,261
501,645,230
655,564,282
655,327,430
564,655,430
501,120,261
120,501,581
209,585,529
212,209,529
45,35,180
35,484,180
258,401,694
249,53,179
674,217,509
369,380,137
653,429,520
429,653,29
212,653,520
29,653,643
653,212,643
687,727,158
687,127,270
510,127,158
127,687,158
9,455,167
167,65,200
455,65,167
65,455,444
65,58,200
245,645,151
245,40,551
245,151,87
40,245,87
645,268,230
245,268,645
657,268,551
268,245,551
288,335,320
38,288,320
564,361,282
703,553,493
553,703,452
703,514,452
307,167,200
242,475,133
340,432,543
159,163,311
335,188,78
102,188,192
188,288,192
288,188,335
603,102,192
546,326,719
670,546,664
546,670,326
327,711,430
590,586,562
586,723,87
723,586,26
586,590,26
227,495,562
227,239,495
209,4,585
4,209,221
159,4,221
4,159,311
678,35,45
678,614,713
678,45,614
584,678,713
484,306,529
35,306,484
529,306,643
306,62,643
62,306,584
306,678,584
678,306,35
497,724,694
715,205,299
661,386,545
30,661,281
704,249,179
249,704,101
486,634,181
634,103,181
190,103,53
53,103,179
103,634,179
287,154,696
674,154,217
113,287,436
154,113,217
113,154,287
436,726,274
287,726,436
12,36,273
381,465,696
465,381,650
354,0,216
530,142,216
0,321,299
321,715,299
715,321,281
354,321,0
172,138,155
0,138,216
138,530,216
530,138,172
55,710,14
55,343,400
380,599,565
599,63,565
599,380,369
431,599,369
722,431,308
722,599,431
599,722,63
144,108,642
144,325,108
144,642,137
380,144,137
682,380,565
325,682,19
682,144,380
144,682,325
345,682,565
682,345,19
619,406,58
206,619,444
619,65,444
65,619,58
406,79,58
79,28,516
406,262,304
262,460,304
203,435,295
725,435,203
250,404,19
345,250,19
250,345,84
617,250,84
460,538,304
538,352,304
352,538,404
607,374,221
209,607,221
607,209,212
566,374,189
566,159,221
374,566,221
628,706,520
441,127,510
441,510,101
704,441,101
441,704,225
387,149,313
644,702,17
230,93,180
268,93,230
93,45,180
93,268,657
45,93,294
93,657,294
575,679,319
335,679,320
679,575,320
612,361,564
612,603,192
702,407,17
407,702,454
407,346,17
346,407,494
592,514,703
514,592,289
433,604,329
275,370,598
370,275,680
468,307,200
91,9,167
307,91,167
9,91,219
28,398,516
398,685,516
240,242,432
240,475,242
475,240,656
340,240,432
120,659,333
659,120,581
637,659,581
147,659,637
659,121,333
121,659,147
326,635,719
635,121,147
690,637,311
690,147,637
163,690,311
690,163,719
635,690,719
690,635,147
603,233,102
377,233,16
233,377,102
397,711,327
590,397,26
711,397,590
586,324,562
227,324,631
324,227,562
324,586,87
151,324,87
631,324,151
550,8,130
495,709,562
8,709,495
239,257,333
257,120,333
257,227,631
227,257,239
257,631,261
120,257,261
442,239,333
239,442,675
121,442,333
239,373,495
373,239,675
373,675,130
8,373,130
373,8,495
585,97,708
4,97,585
97,581,708
97,637,581
637,97,311
97,4,311
104,417,61
417,175,61
497,80,624
80,497,694
401,80,694
396,80,401
305,724,223
305,357,258
305,258,694
724,305,694
357,13,258
710,106,14
539,546,719
546,539,664
539,30,664
591,715,281
661,591,281
591,661,545
386,208,545
208,13,545
208,153,15
704,145,225
634,145,179
145,704,179
36,500,273
531,362,176
314,475,656
362,314,656
625,674,509
256,625,712
716,625,509
625,716,712
554,256,90
500,554,273
211,595,12
554,577,273
577,554,90
187,287,696
465,187,696
187,726,287
187,560,726
187,465,173
560,187,173
620,349,670
670,349,326
183,620,670
183,670,664
235,648,155
235,0,299
138,235,155
235,138,0
530,512,355
512,530,172
132,321,354
132,183,664
183,132,354
321,132,281
30,132,664
132,30,281
55,490,343
490,104,343
104,490,417
490,507,417
490,55,14
507,490,14
648,419,587
205,419,299
419,235,299
235,419,648
710,210,205
55,210,710
210,419,205
419,210,587
587,210,400
210,55,400
352,647,304
79,647,28
647,406,304
647,79,406
47,352,404
47,617,322
250,47,404
47,250,617
262,456,460
295,456,284
435,456,295
456,435,460
619,479,406
479,262,406
479,619,206
479,206,284
456,479,284
479,456,262
538,220,404
220,325,19
404,220,19
374,248,189
687,134,727
727,134,608
134,628,608
134,706,628
464,387,64
18,722,308
149,18,308
387,18,149
575,457,320
457,38,320
665,335,78
665,679,335
612,300,361
170,300,38
300,170,361
300,612,192
288,300,192
300,288,38
136,170,38
170,136,553
457,136,38
553,136,493
136,457,493
361,568,282
170,568,361
679,160,319
489,160,238
665,160,679
160,665,238
550,638,16
384,251,247
251,384,246
675,466,130
353,251,246
592,558,289
558,592,552
668,703,493
207,668,493
668,592,703
592,668,552
472,489,260
448,350,420
198,548,293
609,531,176
597,198,293
328,413,691
413,73,691
639,392,413
392,73,413
480,392,226
73,392,480
330,459,522
459,330,573
316,416,454
416,407,454
407,416,494
583,316,360
346,641,313
641,346,494
641,494,64
641,387,313
387,641,64
119,218,598
218,275,598
576,433,680
275,576,680
433,576,604
604,576,505
518,468,200
518,79,516
58,518,200
79,518,58
468,663,307
652,50,412
663,652,412
652,663,468
266,66,219
91,266,219
446,604,505
70,376,505
152,600,110
152,33,600
50,450,412
559,362,656
515,240,340
240,515,656
515,559,656
559,515,41
699,442,121
442,699,675
114,635,326
635,114,121
114,699,121
349,114,326
114,349,317
699,114,317
334,377,654
334,511,78
511,334,654
377,334,102
188,334,78
334,188,102
277,511,42
511,277,78
277,665,78
665,277,238
649,567,654
567,511,654
511,567,42
550,150,8
233,150,16
150,550,16
389,590,562
709,389,562
389,711,590
126,486,181
474,126,181
236,465,650
465,236,173
449,724,497
507,162,417
162,175,417
162,507,223
425,77,396
425,396,401
425,15,178
77,425,178
441,222,127
222,77,178
222,441,225
77,222,225
127,222,270
222,178,270
305,482,357
482,106,357
482,305,223
106,482,14
482,507,14
507,482,223
591,27,715
27,106,710
27,710,205
715,27,205
434,13,357
434,27,591
13,434,545
434,591,545
106,434,357
27,434,106
24,208,15
208,24,13
24,425,401
425,24,15
258,24,401
13,24,258
15,338,178
153,338,15
178,338,270
145,368,225
368,77,225
77,368,396
368,80,396
570,103,190
103,570,181
570,474,181
560,570,726
570,560,474
570,190,274
726,570,274
513,154,674
513,381,696
154,513,696
243,500,36
381,243,650
513,243,381
243,513,500
292,256,712
256,292,90
508,554,500
508,513,674
513,508,500
625,508,674
508,625,256
554,508,256
577,265,273
265,12,273
265,211,12
211,265,692
204,577,90
379,578,692
578,211,692
183,135,620
142,135,216
135,354,216
135,183,354
63,537,565
579,537,63
537,345,565
433,339,680
647,524,28
524,647,352
23,524,322
524,47,322
47,524,352
524,398,28
524,23,398
572,538,460
572,220,538
435,572,460
572,435,725
676,163,159
566,676,159
348,566,189
348,676,566
676,348,74
539,669,30
669,661,30
661,669,386
669,74,386
706,467,520
248,467,706
467,248,374
607,467,374
467,212,520
467,607,212
618,18,387
464,618,387
633,234,207
633,457,575
633,207,493
457,633,493
234,215,207
668,215,552
215,668,207
215,640,552
291,170,553
291,568,170
291,553,452
160,122,319
122,160,489
673,498,42
498,613,42
124,613,498
613,277,42
277,613,238
157,649,654
377,157,654
157,377,16
638,157,16
526,638,550
526,550,130
466,526,130
526,466,502
571,353,246
353,571,49
375,135,142
135,375,620
651,530,355
530,651,142
558,528,289
301,528,549
528,558,549
427,525,297
633,589,234
234,589,420
589,448,420
589,575,319
589,633,575
117,44,393
350,117,420
636,720,255
2,480,226
283,379,692
701,22,60
701,609,176
22,414,60
702,385,454
253,296,125
358,253,125
116,241,410
286,639,413
328,286,413
286,328,410
639,286,483
336,359,337
213,365,337
359,213,337
169,296,422
296,658,422
658,644,422
644,658,702
658,385,702
253,658,296
658,253,385
193,632,378
405,96,303
164,459,573
164,616,197
616,164,573
330,140,573
371,119,598
224,583,360
382,224,360
408,224,382
224,408,469
494,86,64
416,86,494
86,416,316
583,86,316
82,70,7
376,82,10
82,376,70
218,547,275
70,547,7
76,693,232
596,139,51
606,139,72
627,91,307
663,627,307
627,266,91
652,123,50
446,123,685
259,515,340
515,259,41
600,686,110
443,686,600
601,376,10
601,450,50
488,617,84
364,263,329
364,23,263
23,364,398
398,364,685
364,446,685
604,364,329
446,364,604
443,428,10
428,601,10
601,428,450
450,428,33
33,428,600
428,443,600
342,559,41
342,41,237
362,593,176
559,593,362
342,593,559
593,342,22
593,701,176
701,593,22
605,466,675
699,605,675
605,699,317
466,605,502
56,574,247
574,384,247
574,567,649
451,709,8
150,451,8
451,389,709
534,126,474
534,560,173
560,534,474
486,280,624
126,280,486
280,497,624
280,449,497
211,89,595
89,231,595
231,89,244
89,578,244
578,89,211
447,687,270
447,248,706
447,134,687
134,447,706
248,67,189
447,67,248
338,67,270
67,447,270
80,453,624
368,453,80
453,368,145
453,145,634
453,486,624
486,453,634
717,292,712
133,717,712
475,717,133
314,717,475
292,717,314
689,292,314
531,689,362
689,314,362
204,689,531
292,689,90
689,204,90
345,681,84
537,681,345
618,399,580
399,618,464
519,86,583
519,464,64
86,519,64
399,92,580
92,399,105
220,171,325
572,171,220
325,171,108
171,725,108
171,572,725
676,424,163
163,424,719
424,539,719
424,676,74
424,669,539
669,424,74
285,348,189
285,338,153
67,285,189
285,67,338
271,208,386
271,153,208
74,271,386
348,271,74
271,285,153
285,271,348
618,146,18
18,146,722
579,146,580
146,618,580
722,146,63
146,579,63
365,267,337
267,640,393
20,234,420
20,215,234
117,20,420
20,117,393
640,20,393
215,20,640
613,517,238
517,613,124
517,489,238
489,517,260
517,124,260
677,574,649
574,677,384
384,677,246
677,461,246
526,556,638
556,526,502
533,556,502
556,533,461
705,651,355
623,350,448
427,623,448
350,623,255
623,427,297
636,623,297
623,636,255
156,427,448
122,156,319
156,589,319
589,156,448
323,472,525
427,323,525
472,323,489
323,122,489
323,156,122
156,323,427
602,166,44
117,602,44
602,350,255
602,117,350
392,394,226
394,166,226
394,392,639
671,439,379
578,439,244
439,578,379
548,331,293
671,331,548
331,671,379
283,331,379
185,283,692
204,185,577
265,185,692
185,265,577
471,701,60
75,414,110
686,75,110
152,418,237
418,414,22
418,152,110
414,418,110
418,342,237
342,418,22
597,115,198
316,199,360
199,316,454
385,199,454
536,197,279
31,721,339
370,721,279
721,370,680
339,721,680
241,118,410
286,118,483
118,286,410
39,358,125
697,199,385
253,697,385
358,697,253
328,43,410
43,116,410
365,481,549
213,481,365
481,301,549
301,481,383
629,213,359
629,39,125
39,629,359
629,481,213
611,405,473
632,611,378
611,632,96
405,611,96
611,6,378
6,611,473
241,666,391
116,666,241
6,666,378
264,290,391
666,264,391
264,666,6
165,506,473
506,6,473
506,264,6
542,52,522
459,542,522
57,405,303
52,57,303
542,57,52
57,542,109
557,100,88
165,557,88
662,140,437
662,371,616
662,616,573
140,662,573
532,371,598
370,532,598
532,370,279
371,532,616
197,532,279
616,532,197
371,462,119
462,437,232
462,662,437
662,462,371
693,462,232
462,693,119
83,606,72
83,82,7
411,83,7
83,411,606
107,547,70
107,70,505
576,107,505
107,576,275
547,107,275
426,76,527
76,426,693
111,201,544
201,25,596
25,139,596
111,25,201
139,25,72
141,663,412
141,627,663
81,123,652
81,652,468
685,81,516
123,81,685
81,518,516
518,81,468
341,123,446
341,446,505
376,341,505
123,341,50
341,601,50
601,341,376
266,34,66
66,34,543
34,340,543
34,259,340
617,402,322
488,402,617
402,23,322
23,402,263
191,31,339
496,673,42
567,496,42
574,496,567
673,496,56
496,574,56
3,150,233
3,451,150
3,233,603
451,184,389
711,184,430
389,184,711
3,184,451
231,492,595
492,310,595
310,492,69
595,269,12
310,269,595
269,36,12
445,236,194
236,445,173
445,534,173
94,445,194
214,94,714
534,214,126
445,214,534
94,214,445
129,681,395
129,395,366
129,488,84
681,129,84
681,615,395
615,92,395
615,537,579
615,681,537
615,579,580
92,615,580
399,177,105
177,399,464
519,177,464
588,267,365
588,365,549
558,588,549
267,588,640
588,558,552
640,588,552
112,533,621
533,112,461
571,112,621
461,112,246
112,571,246
533,415,621
556,409,638
409,677,649
677,409,461
409,556,461
157,409,649
409,157,638
705,347,651
347,571,621
571,347,49
347,705,49
602,684,166
2,684,720
720,684,255
684,602,255
166,684,226
684,2,226
491,394,639
491,639,483
336,491,483
166,700,44
394,700,166
491,700,394
99,331,283
331,99,293
185,503,283
609,503,531
503,204,531
503,185,204
99,503,609
503,99,283
471,478,597
478,471,60
701,228,609
471,228,701
228,99,609
99,228,293
228,597,293
228,471,597
229,241,391
229,118,241
697,252,199
199,252,360
252,382,360
252,290,382
666,182,378
182,666,116
182,193,378
182,555,193
43,182,116
182,43,555
43,440,555
440,328,691
440,43,328
481,168,383
629,168,481
168,169,383
169,168,296
296,168,125
168,629,125
290,344,382
264,344,290
506,344,264
164,688,459
688,542,459
542,688,109
683,57,109
557,683,109
57,683,405
683,557,165
405,683,473
683,165,473
458,686,443
82,563,10
83,563,82
563,443,10
563,458,443
563,83,72
458,563,72
411,174,606
426,174,411
174,426,527
174,527,51
139,174,51
174,139,606
302,426,411
302,547,218
426,302,693
547,302,7
302,411,7
302,218,119
693,302,119
660,141,412
450,660,412
660,450,33
627,186,266
141,186,627
71,402,488
402,71,263
202,3,603
202,184,3
612,202,603
184,202,430
202,564,430
202,612,564
269,59,36
59,243,36
59,367,650
243,59,650
68,21,54
98,610,504
610,68,54
594,98,390
94,594,714
521,161,390
521,98,504
98,521,390
449,196,724
499,196,449
724,196,223
196,162,223
499,309,714
309,214,714
280,309,449
309,499,449
309,280,126
214,309,126
148,269,310
148,21,367
59,148,367
148,59,269
21,48,54
272,48,69
48,272,54
48,310,69
48,148,310
148,48,21
272,707,54
610,707,504
707,610,54
535,519,583
535,177,519
535,224,469
224,535,583
415,388,375
375,388,620
349,388,317
388,349,620
403,533,502
403,415,533
403,388,415
605,403,502
403,605,317
388,403,317
347,11,651
11,375,142
651,11,142
11,347,621
415,11,621
11,415,375
267,332,337
332,267,393
44,332,393
700,332,44
143,115,597
478,143,597
115,143,718
351,75,667
75,351,414
414,351,60
351,478,60
131,92,105
395,131,366
92,131,395
229,672,118
39,672,358
290,128,391
128,229,391
252,128,290
128,252,697
128,672,229
128,697,358
672,128,358
254,344,506
254,506,165
254,408,382
344,254,382
408,254,88
254,165,88
695,111,667
695,25,111
458,695,686
25,695,72
695,458,72
75,695,667
695,75,686
34,463,259
463,34,266
186,463,266
660,298,141
298,186,141
298,463,186
541,71,488
541,129,366
129,541,488
71,541,191
263,1,329
71,1,263
1,433,329
1,339,433
1,191,339
1,71,191
21,698,367
68,698,21
698,68,194
236,698,194
367,698,650
698,236,650
569,610,98
594,569,98
610,569,68
569,594,94
569,94,194
68,569,194
175,582,61
162,5,175
196,5,162
5,196,499
372,700,491
372,332,700
372,491,336
372,336,337
332,372,337
312,143,478
351,312,478
312,351,667
143,312,718
718,312,544
312,111,544
111,312,667
646,32,31
32,536,279
721,32,279
32,721,31
318,131,105
318,46,626
622,315,100
46,315,626
622,37,536
37,688,164
37,164,197
536,37,197
276,646,626
315,276,626
276,315,622
276,622,536
32,276,536
276,32,646
688,561,109
561,622,100
37,561,688
561,37,622
557,561,100
561,557,109
100,421,88
421,46,469
315,421,100
421,315,46
421,408,88
408,421,469
118,477,483
672,477,118
477,336,483
477,672,39
336,477,359
477,39,359
523,298,660
152,523,33
523,660,33
523,152,237
463,470,259
298,470,463
41,470,237
259,470,41
470,523,237
523,470,298
5,85,175
161,85,390
85,582,175
582,85,161
278,5,499
278,499,714
594,278,714
278,594,390
85,278,390
278,85,5
318,487,131
131,487,366
646,487,626
487,318,626
318,363,46
363,535,469
46,363,469
363,318,105
177,363,105
535,363,177
487,95,366
95,541,366
541,95,191
95,487,646
191,95,31
95,646,31
